1	活动	0.777342404129859	31
2	学	0.722118036286305	25
3	人民	0.619341554265201	40
4	服务	0.57492297901405	24
5	发展	0.500211023941217	15
6	雷锋	0.445655455419412	77
7	为	0.42867080523351	41
8	开展	0.426789498122859	14
9	深入	0.386222040853025	13
10	群众	0.380561010922733	12
11	广大	0.371209652386933	10
12	国家	0.359417395630243	18
13	需要	0.339167560422857	11
14	能	0.339167560422857	11
15	这	0.32802605569472	13
16	奉献	0.327523207853513	9
17	社会主义	0.327495417140094	38
18	创新	0.32351246712025	18
19	社会	0.312628087734481	23
20	应	0.311277636997634	22
21	中国	0.310381535486937	21
22	特色	0.310381535486937	21
23	干部	0.295620915726659	22
24	共产主义	0.295536600263123	10
25	人生	0.295536600263123	10
26	坚持	0.290048075741675	13
27	实现	0.285796710816021	12
28	精神	0.284208114940331	50
29	文化	0.284185537223366	8
30	党员	0.279602745845656	16
31	体系	0.273763975345567	14
32	不	0.265513837993613	25
33	道德	0.263844535695269	17
34	意识	0.250418482441638	9
35	坚定	0.246037737998013	12
36	把	0.245057452596929	22
37	重要	0.243189644011747	11
38	责任	0.240943837121954	8
39	民族	0.240915499193096	7
40	增强	0.232783940633219	13
41	核心	0.232783940633219	13
42	党	0.232783940633219	13
43	了	0.222410979858563	15
44	和	0.216658956958048	48
45	引导	0.20488536441665	8
46	自觉	0.20488536441665	8
47	大力	0.20488536441665	8
48	价值	0.204111683857367	19
49	自己	0.201254549476395	11
50	具有	0.19834700760026	10
51	行	0.19834700760026	10
52	学习	0.192433533777934	13
53	在	0.18881645743447	39
54	代	0.171447430000524	4
55	经济	0.171447430000524	4
56	对待	0.171447430000524	4
57	处于	0.171447430000524	4
58	方式	0.171447430000524	4
59	提高	0.171447430000524	4
60	做到	0.171447430000524	4
61	平凡	0.171447430000524	4
62	负责	0.171447430000524	4
63	自强不息	0.171447430000524	4
64	改革	0.171447430000524	4
65	锐意进取	0.171447430000524	4
66	可以	0.171447430000524	4
67	是否	0.171447430000524	4
68	群众性	0.171447430000524	4
69	科技	0.171447430000524	4
70	得	0.171447430000524	4
71	追求	0.171447430000524	4
72	崇高	0.171447430000524	4
73	方面	0.171447430000524	4
74	有利于	0.171447430000524	4
75	等	0.168741009876442	5
76	说	0.168741009876442	5
77	其	0.168741009876442	5
78	努力	0.168741009876442	5
79	下	0.168741009876442	5
80	他	0.168741009876442	5
81	信仰	0.168741009876442	5
82	强烈	0.168741009876442	5
83	贡献	0.168741009876442	5
84	敬业	0.168741009876442	5
85	体现	0.168741009876442	5
86	是	0.162509123715142	50
87	我	0.158326753576511	7
88	推进	0.158326753576511	7
89	时期	0.154045682284807	10
90	人	0.151749690331217	9
91	艰苦奋斗	0.151749690331217	9
92	都	0.151749690331217	9
93	理想	0.149376209554449	13
94	一行	0.145565870157117	9
95	你	0.145565870157117	9
96	以	0.14548292496034	11
97	我国	0.14548292496034	11
98	中	0.138885051338234	13
99	就	0.126538353012458	17
100	建设	0.118720826178483	23
101	看到	0.115589546083974	3
102	并	0.115589546083974	3
103	将	0.115589546083974	3
104	精	0.115589546083974	3
105	幸福	0.115589546083974	3
106	颗	0.115589546083974	3
107	永不	0.115589546083974	3
108	权力	0.115589546083974	3
109	一切	0.115589546083974	3
110	这种	0.115589546083974	3
111	处处	0.115589546083974	3
112	树立	0.115589546083974	3
113	正确	0.115589546083974	3
114	仍	0.115589546083974	3
115	生命	0.115589546083974	3
116	者	0.115589546083974	3
117	小康	0.115589546083974	3
118	来说	0.115589546083974	3
119	着想	0.115589546083974	3
120	有	0.115589546083974	3
121	全面	0.115589546083974	3
122	完善	0.115589546083974	3
123	事	0.115589546083974	3
124	长效	0.115589546083974	3
125	性	0.115589546083974	3
126	出来	0.115589546083974	3
127	实践性	0.115589546083974	3
128	紧紧	0.115589546083974	3
129	祖国	0.115589546083974	3
130	无论	0.115589546083974	3
131	高度	0.115589546083974	3
132	与	0.115589546083974	3
133	根本	0.115589546083974	3
134	宗旨	0.115589546083974	3
135	正	0.115589546083974	3
136	制度	0.115589546083974	3
137	理解	0.115589546083974	3
138	探索	0.115589546083974	3
139	各级	0.115589546083974	3
140	着	0.115589546083974	3
141	谋	0.115589546083974	3
142	民	0.115589546083974	3
143	深刻	0.115589546083974	3
144	个	0.115589546083974	3
145	向着	0.115589546083974	3
146	强大	0.115589546083974	3
147	继续	0.115589546083974	3
148	世界	0.115589546083974	3
149	执政	0.115589546083974	3
150	勇于	0.115589546083974	3
151	项	0.115589546083974	3
152	前途	0.115589546083974	3
153	示范	0.115589546083974	3
154	命运	0.115589546083974	3
155	科学	0.115589546083974	3
156	尽责	0.115589546083974	3
157	过	0.115589546083974	3
158	专一	0.115589546083974	3
159	使	0.115589546083974	3
160	普通	0.115589546083974	3
161	爱	0.115589546083974	3
162	开放	0.115589546083974	3
163	也	0.111747839293588	6
164	才	0.111747839293588	6
165	充分发挥	0.111747839293588	6
166	勤俭节约	0.111747839293588	6
167	人们	0.111747839293588	6
168	成为	0.111747839293588	6
169	创业	0.111747839293588	6
170	人生观	0.111747839293588	6
171	助人为乐	0.111747839293588	6
172	信念	0.103821139351798	8
173	要	0.103821139351798	8
174	作用	0.103821139351798	8
175	作为	0.103821139351798	8
176	时代	0.103821139351798	8
177	一个	0.100532192527123	11
178	不断	0.099079795249979	10
179	做	0.099079795249979	10
180	工作	0.0944231370759453	12
181	我们	0.0902001090520878	14
182	一	0.0879944733697563	18
183	如果	0.0682484820375703	4
184	那样	0.0637885787989722	5
185	团结	0.0637885787989722	5
186	伟大	0.0637885787989722	5
187	中华民族	0.0637885787989722	5
188	干	0.0637885787989722	5
189	解放	0.0637885787989722	5
190	责任感	0.0637885787989722	5
191	所	0.054524237568974	8
192	好	0.0536511805469404	8
193	从	0.0536511805469404	8
194	共同	0.0536448705148778	7
195	利益	0.0536448705148778	7
196	地	0.0536448705148778	7
197	事业	0.0536448705148778	7
198	弘扬	0.0536448705148778	7
199	岗位	0.0536448705148778	7
200	无私奉献	0.0536448705148778	7
201	当前	0.0536448705148778	7
202	对于	0.0536448705148778	7
203	积极	0.0506332711930242	9
204	实践	0.0483793773248107	11
205	思想	0.0461536639396046	13
